-3.673616945743560791e-01
-1.221641600131988525e-01
8.870982527732849121e-01
-9.825910329818725586e-01
-1.249544501304626465e+00
1.915367960929870605e+00
5.839998126029968262e-01
-4.601453840732574463e-01
-1.530183553695678711e+00
-3.840271234512329102e-01
-1.143972396850585938e+00
4.464181959629058838e-01
3.691112697124481201e-01
1.821681022644042969e+00
7.845798730850219727e-01
-6.962358206510543823e-02
-2.114063203334808350e-01
-3.238207101821899414e-01
-4.850137531757354736e-01
7.622375488281250000e-01
1.114028096199035645e+00
6.606200933456420898e-01
-1.088067531585693359e+00
-1.181068062782287598e+00
3.684947490692138672e-01
8.459989428520202637e-01
1.259032607078552246e+00
-1.838166415691375732e-01
4.476933181285858154e-01
-7.748918533325195312e-01
1.824971556663513184e+00
-1.059064507484436035e+00
2.026890754699707031e+00
1.391517043113708496e+00
1.200206518173217773e+00
-1.139641165733337402e+00
9.707490205764770508e-01
1.127177998423576355e-01
-3.671277463436126709e-01
1.143030643463134766e+00
1.412824153900146484e+00
1.965590417385101318e-01
-8.473277091979980469e-01
-2.641291320323944092e-01
1.365414023399353027e+00
-5.584288239479064941e-01
-9.603539109230041504e-01
1.327128335833549500e-02
-1.398468136787414551e+00
-9.052899479866027832e-01
1.541051864624023438e-01
6.960964202880859375e-01
-2.349961102008819580e-01
6.610115170478820801e-01
-6.140676736831665039e-01
1.682921528816223145e+00
-6.245856359601020813e-02
-6.954782605171203613e-01
1.321666240692138672e+00
1.056979537010192871e+00
-7.429311871528625488e-01
-2.139948159456253052e-01
-1.688133835792541504e+00
-1.510214060544967651e-01
0.000000000000000000e+00
0.000000000000000000e+00
0.000000000000000000e+00
